6
8
1 2 1
1 3 1
1 5 1
2 3 1
2 5 1
3 4 1
4 5 1
5 6 1

4
4
1 2 1
1 3 1
2 3 1
3 4 1

4
3
1 2 1
2 3 1
3 4 1

3
3
1 2 1
1 3 1
2 3 1

8
12
1 2 1
1 3 1
2 3 1
2 5 1
2 8 1
3 4 1
4 5 1
5 9 1
5 8 1
6 7 1
6 8 1
7 8 1

10
20
1 2 1
1 3 1
1 4 1
2 3 1
2 5 1
2 7 1
2 10 1
3 4 1
3 6 1
4 5 1
4 10 1
5 6 1
5 9 1
5 10 1
6 7 1
6 9 1
6 10 1
7 8 1
8 9 1
9 10 1

20
36
1 2 1
1 3 1
1 4 1
2 3 1
2 5 1
2 7 1
2 10 1
3 4 1
3 6 1
4 5 1
5 6 1
5 9 1
5 11 1
6 9 1
6 13 1
7 8 1
8 9 1
9 12 1
9 20 1
10 8 1
10 9 1
11 16 1
11 12 1
12 17 1
12 20 1
12 19 1
13 11 1
13 14 1
13 12 1
14 15 1
15 16 1
15 12 1
16 18 1
17 18 1
18 19 1
19 20 1

5
7
1 2 10
1 4 30
1 5 100
2 3 50
3 5 10
4 3 20
4 5 60

4
4
1 2 10
2 3 10
1 4 10
3 4 10
